chrom	length	bases	mean	min	max
chr1	434526931	8609925969	19.81	0	970
chr2	381225800	7193135193	18.87	0	4654
chr3	268276564	5120277020	19.09	0	2441
chr4	218045602	4262189129	19.55	0	2504
chr5	142905876	2741437375	19.18	0	1801
chr6	106938139	1969847195	18.42	0	5583
chr7	42362139	602626306	14.23	0	914
chr8	34083018	487939463	14.32	0	461
chr9	30848814	597886330	19.38	0	1758
chr10	28798323	457413974	15.88	0	200
chr11	28504944	504586930	17.70	0	770
chr12	23795472	322743914	13.56	0	3497
chr13	19560250	392042211	20.04	0	175
chr14	16934482	213414948	12.60	0	397
chr15	16659334	237773231	14.27	0	893
chrZ	171188827	3234408399	18.89	0	1576
scaffold_17	8602431	11554784	1.34	0	1013
scaffold_18	5896640	893148	0.15	0	402
scaffold_19	3578573	8657693	2.42	0	793
scaffold_20	3463715	2552556	0.74	0	434
scaffold_21	2653684	5157483	1.94	0	734
scaffold_22	2594236	3157287	1.22	0	498
scaffold_23	2401630	760423	0.32	0	276
scaffold_24	2227603	1693645	0.76	0	75
scaffold_25	2202738	2604893	1.18	0	513
scaffold_26	2177833	896165	0.41	0	1089
scaffold_27	2141302	530775	0.25	0	411
scaffold_28	2117275	10794410	5.10	0	627
scaffold_29	1993315	1598692	0.80	0	1035
scaffold_30	1963441	1125210	0.57	0	304
scaffold_31	1903766	2490214	1.31	0	386
scaffold_32	1891392	3151713	1.67	0	491
scaffold_33	1859776	1260145	0.68	0	210
scaffold_35	1751308	24753962	14.13	0	345
scaffold_36	1660000	2344912	1.41	0	231
scaffold_37	1534483	6157838	4.01	0	608
scaffold_38	1527826	8254045	5.40	0	492
scaffold_39	1505925	1678690	1.11	0	65
scaffold_40	1478730	130924	0.09	0	191
scaffold_41	1436034	1799096	1.25	0	257
scaffold_42	1377455	25170147	18.27	0	162
scaffold_43	1343551	723832	0.54	0	67
scaffold_44	1304300	7233076	5.55	0	514
scaffold_45	1257125	2613313	2.08	0	790
scaffold_46	1222163	1726522	1.41	0	435
scaffold_47	1141902	739813	0.65	0	96
scaffold_48	1095069	68976	0.06	0	44
scaffold_49	1086189	707828	0.65	0	75
scaffold_50	1081135	2332101	2.16	0	247
scaffold_51	998428	509057	0.51	0	152
scaffold_52	990424	10892936	11.00	0	183
scaffold_53	984522	270487	0.27	0	221
scaffold_54	970918	214574	0.22	0	179
scaffold_55	940026	4452643	4.74	0	436
scaffold_56	934443	509058	0.54	0	254
scaffold_57	930907	452974	0.49	0	106
scaffold_58	922701	5473782	5.93	0	496
scaffold_59	917863	159398	0.17	0	49
scaffold_60	912060	226212	0.25	0	154
scaffold_61	904647	4082691	4.51	0	1516
scaffold_62	884248	624956	0.71	0	103
scaffold_63	867928	103350	0.12	0	44
scaffold_64	841645	220619	0.26	0	155
scaffold_65	832083	104951	0.13	0	40
scaffold_66	826999	83210	0.10	0	46
scaffold_67	823448	16071543	19.52	0	418
scaffold_68	810612	840118	1.04	0	146
scaffold_69	793079	1188587	1.50	0	260
scaffold_70	782272	12323061	15.75	0	165
scaffold_71	766061	324875	0.42	0	82
scaffold_72	730958	443983	0.61	0	334
scaffold_73	720968	480425	0.67	0	324
scaffold_74	694750	357083	0.51	0	152
scaffold_75	682876	42464	0.06	0	26
scaffold_76	675224	895	0.00	0	2
scaffold_77	648781	2375970	3.66	0	493
scaffold_78	647957	552635	0.85	0	54
scaffold_79	644743	964853	1.50	0	310
scaffold_80	643888	65038	0.10	0	76
scaffold_81	641836	98664	0.15	0	72
scaffold_82	641623	103363	0.16	0	91
scaffold_83	632156	345079	0.55	0	72
scaffold_84	618935	66372	0.11	0	83
scaffold_85	608512	1833640	3.01	0	355
scaffold_86	599561	53091	0.09	0	96
scaffold_87	597950	447407	0.75	0	113
scaffold_88	593645	9142738	15.40	0	147
scaffold_89	589793	116161	0.20	0	110
scaffold_90	587799	312226	0.53	0	151
scaffold_91	579954	393028	0.68	0	50
scaffold_92	575435	9969	0.02	0	14
scaffold_93	574812	46	0.00	0	2
scaffold_94	573203	123950	0.22	0	44
scaffold_95	571820	4858098	8.50	0	464
scaffold_96	569116	319845	0.56	0	111
scaffold_97	566767	7356817	12.98	0	158
scaffold_98	562264	269155	0.48	0	461
scaffold_99	552607	1023653	1.85	0	48
scaffold_100	552600	57023	0.10	0	66
scaffold_101	551962	177757	0.32	0	240
scaffold_102	538660	4050581	7.52	0	192
scaffold_103	529121	141654	0.27	0	75
scaffold_104	524994	427298	0.81	0	72
scaffold_105	510983	2375	0.00	0	9
scaffold_106	487615	567161	1.16	0	145
scaffold_107	486710	4507585	9.26	0	74
scaffold_108	477535	378213	0.79	0	77
scaffold_109	476316	12520	0.03	0	26
scaffold_110	473572	24601	0.05	0	62
scaffold_111	472568	189252	0.40	0	136
scaffold_112	464128	46013	0.10	0	28
scaffold_113	434512	11376	0.03	0	20
scaffold_114	428327	36044	0.08	0	68
scaffold_115	426002	3858	0.01	0	17
scaffold_116	425001	521351	1.23	0	78
scaffold_117	421247	102636	0.24	0	73
scaffold_118	417582	79362	0.19	0	86
scaffold_119	414965	6560336	15.81	0	62
scaffold_120	412321	601281	1.46	0	169
scaffold_121	411527	233243	0.57	0	75
scaffold_122	410311	4986	0.01	0	8
scaffold_123	408673	212127	0.52	0	42
scaffold_124	403770	2242	0.01	0	6
scaffold_125	386874	15016	0.04	0	24
scaffold_126	386683	1091086	2.82	0	268
scaffold_127	384542	1456	0.00	0	6
scaffold_128	384535	6562044	17.06	0	87
scaffold_130	377893	255661	0.68	0	111
scaffold_131	371774	5633019	15.15	0	124
scaffold_132	370701	7439	0.02	0	12
scaffold_133	369452	1925595	5.21	0	599
scaffold_134	369357	90988	0.25	0	46
scaffold_135	363025	37289	0.10	0	31
scaffold_136	362827	48458	0.13	0	53
scaffold_137	361309	238729	0.66	0	163
scaffold_138	361307	2943	0.01	0	9
scaffold_139	361075	122378	0.34	0	42
scaffold_140	360845	1444	0.00	0	2
scaffold_141	355646	401874	1.13	0	1331
scaffold_143	351123	83	0.00	0	2
scaffold_144	349397	1508055	4.32	0	95
scaffold_146	341776	145636	0.43	0	157
scaffold_147	340558	128200	0.38	0	43
scaffold_148	340397	2718886	7.99	0	170
scaffold_149	338565	159552	0.47	0	28
scaffold_150	331634	557506	1.68	0	307
scaffold_152	321929	5902	0.02	0	19
scaffold_153	319818	3868	0.01	0	18
scaffold_155	317673	56235	0.18	0	108
scaffold_156	317429	12607	0.04	0	38
scaffold_157	314480	9150	0.03	0	38
scaffold_158	313413	1926466	6.15	0	879
scaffold_159	312155	336247	1.08	0	169
scaffold_160	308401	189007	0.61	0	53
scaffold_161	308107	2830339	9.19	0	65
scaffold_162	307127	528119	1.72	0	86
scaffold_163	306710	268544	0.88	0	73
scaffold_164	303353	88832	0.29	0	139
scaffold_166	300284	2588883	8.62	0	62
scaffold_167	299327	51808	0.17	0	25
scaffold_169	297747	3504	0.01	0	7
scaffold_170	296823	157468	0.53	0	34
scaffold_171	294268	16300	0.06	0	34
scaffold_172	292543	3111102	10.63	0	56
scaffold_173	292198	2004	0.01	0	6
scaffold_174	291683	72834	0.25	0	85
scaffold_175	289071	7707	0.03	0	23
scaffold_176	284263	561817	1.98	0	391
scaffold_179	273677	9543	0.03	0	19
scaffold_180	272495	2773	0.01	0	4
scaffold_181	272201	21480	0.08	0	20
scaffold_182	269380	2513665	9.33	0	61
scaffold_183	268932	600	0.00	0	2
scaffold_184	265838	17815	0.07	0	79
scaffold_187	259766	44	0.00	0	1
scaffold_189	255803	96948	0.38	0	42
scaffold_190	255030	40549	0.16	0	42
scaffold_191	254807	876	0.00	0	2
scaffold_192	250226	44648	0.18	0	100
scaffold_193	250204	3034024	12.13	0	51
scaffold_194	239700	2686	0.01	0	12
scaffold_195	234697	27085	0.12	0	40
scaffold_196	226946	17072	0.08	0	33
scaffold_197	226579	3527711	15.57	0	68
scaffold_198	226175	5898	0.03	0	36
scaffold_199	225761	207234	0.92	0	82
scaffold_200	225032	1693853	7.53	0	51
scaffold_201	224975	2883445	12.82	0	95
scaffold_202	223132	2590481	11.61	0	152
scaffold_203	220366	860978	3.91	0	82
scaffold_204	219104	300	0.00	0	2
scaffold_206	215673	52765	0.24	0	64
scaffold_207	213671	904	0.00	0	4
scaffold_208	211760	277	0.00	0	2
scaffold_209	209908	91950	0.44	0	26
scaffold_211	209284	76393	0.37	0	41
scaffold_212	207844	2138560	10.29	0	139
scaffold_213	203137	3836566	18.89	0	57
scaffold_214	202981	2700	0.01	0	10
scaffold_215	202568	300	0.00	0	1
scaffold_216	201849	594	0.00	0	1
scaffold_217	199481	63996	0.32	0	60
scaffold_218	198762	201103	1.01	0	70
scaffold_219	196943	2787080	14.15	0	64
scaffold_220	195249	2716693	13.91	0	141
scaffold_222	189271	46	0.00	0	1
scaffold_224	187788	489346	2.61	0	107
scaffold_225	186308	23277	0.12	0	57
scaffold_226	184860	1293749	7.00	0	124
scaffold_227	184516	2602	0.01	0	11
scaffold_229	179276	38	0.00	0	2
scaffold_231	175432	541760	3.09	0	59
scaffold_232	173008	17498	0.10	0	23
scaffold_233	171644	4426	0.03	0	7
scaffold_234	170489	45	0.00	0	1
scaffold_235	170478	582	0.00	0	2
scaffold_238	162219	130	0.00	0	4
scaffold_239	158967	2002475	12.60	0	64
scaffold_240	158773	80	0.00	0	1
scaffold_241	158756	80	0.00	0	4
scaffold_243	158192	6293	0.04	0	21
scaffold_244	158152	5822	0.04	0	19
scaffold_246	156028	1387287	8.89	0	49
scaffold_247	155884	45146	0.29	0	51
scaffold_249	154259	1191674	7.73	0	72
scaffold_250	149453	199498	1.33	0	53
scaffold_251	147965	1872191	12.65	0	1409
scaffold_252	147800	238	0.00	0	8
scaffold_253	147505	813426	5.51	0	266
scaffold_254	146879	1191	0.01	0	3
scaffold_256	145616	1266504	8.70	0	256
scaffold_259	144121	18230	0.13	0	80
scaffold_262	140610	6568	0.05	0	8
scaffold_265	137912	302	0.00	0	2
scaffold_268	137109	2784	0.02	0	10
scaffold_270	136931	1153407	8.42	0	51
scaffold_271	136174	1084071	7.96	0	52
scaffold_272	135704	156251	1.15	0	77
scaffold_273	135063	2374	0.02	0	6
scaffold_274	133653	420492	3.15	0	598
scaffold_276	133207	580	0.00	0	3
scaffold_277	132175	1167757	8.83	0	53
scaffold_278	131122	4981	0.04	0	17
scaffold_280	130103	4083	0.03	0	28
scaffold_281	129669	90588	0.70	0	43
scaffold_283	127948	5371	0.04	0	10
scaffold_284	127938	44419	0.35	0	56
scaffold_287	124276	15137	0.12	0	81
scaffold_290	121544	2071949	17.05	0	73
scaffold_291	120716	116226	0.96	0	337
scaffold_292	119073	51043	0.43	0	74
scaffold_293	119068	54404	0.46	0	31
scaffold_295	117175	568931	4.86	0	122
scaffold_297	115199	908147	7.88	0	4414
scaffold_300	114207	50	0.00	0	2
scaffold_301	112761	435244	3.86	0	73
scaffold_302	112339	584	0.01	0	4
scaffold_305	108249	59506	0.55	0	339
scaffold_309	104899	32	0.00	0	1
scaffold_310	104625	38	0.00	0	2
scaffold_312	102750	1370950	13.34	0	55
scaffold_313	102258	431350	4.22	0	63
scaffold_316	101110	58	0.00	0	1
scaffold_317	100528	1076	0.01	0	2
scaffold_319	99952	7655	0.08	0	28
scaffold_320	99843	3022	0.03	0	8
scaffold_322	98500	170	0.00	0	4
scaffold_324	97239	95662	0.98	0	91
scaffold_326	95790	3561	0.04	0	13
scaffold_327	95558	66	0.00	0	2
scaffold_328	95082	846200	8.90	0	61
scaffold_330	94790	67817	0.72	0	192
scaffold_332	94453	57951	0.61	0	29
scaffold_333	93463	692807	7.41	0	46
scaffold_337	93133	1316842	14.14	0	55
scaffold_339	92259	73211	0.79	0	34
scaffold_340	92177	7653	0.08	0	12
scaffold_342	91765	3667	0.04	0	4
scaffold_345	90701	860	0.01	0	3
scaffold_347	90639	106122	1.17	0	32
scaffold_350	89979	128237	1.43	0	773
scaffold_354	88009	9439	0.11	0	20
scaffold_357	87024	5107	0.06	0	36
scaffold_359	85880	5911	0.07	0	27
scaffold_361	84917	6855	0.08	0	24
scaffold_362	84600	38	0.00	0	2
scaffold_366	81745	637	0.01	0	4
scaffold_373	81107	30	0.00	0	1
scaffold_377	80191	6214	0.08	0	10
scaffold_378	80027	38	0.00	0	2
scaffold_379	79556	9607	0.12	0	8
scaffold_383	78512	1237497	15.76	0	76
scaffold_384	78255	300	0.00	0	1
scaffold_386	77742	919609	11.83	0	53
scaffold_389	77152	70	0.00	0	2
scaffold_390	77018	251960	3.27	0	711
scaffold_396	75916	3142	0.04	0	8
scaffold_400	75097	1487594	19.81	0	55
scaffold_401	73974	2924	0.04	0	12
scaffold_404	73396	1208	0.02	0	2
scaffold_409	72103	833	0.01	0	5
scaffold_411	71474	600	0.01	0	2
scaffold_413	71173	38	0.00	0	2
scaffold_415	70283	44	0.00	0	1
scaffold_417	69637	1491	0.02	0	6
scaffold_419	69319	697845	10.07	0	47
scaffold_420	68952	111415	1.62	0	209
scaffold_421	68916	1430	0.02	0	2
scaffold_423	68700	4428	0.06	0	22
scaffold_424	68681	581	0.01	0	1
scaffold_427	67806	157315	2.32	0	42
scaffold_428	67661	3300	0.05	0	5
scaffold_429	66865	80	0.00	0	4
scaffold_438	65176	600	0.01	0	2
scaffold_444	64676	124820	1.93	0	45
scaffold_445	64668	837238	12.95	0	53
scaffold_447	64519	14398	0.22	0	43
scaffold_452	63854	600	0.01	0	4
scaffold_454	63512	304	0.00	0	2
scaffold_456	62777	1756	0.03	0	4
scaffold_457	62705	189412	3.02	0	44
scaffold_461	62428	88	0.00	0	1
scaffold_466	62190	1031855	16.59	0	317
scaffold_471	61620	628000	10.19	0	54
scaffold_476	60974	597	0.01	0	4
scaffold_480	60110	80	0.00	0	4
scaffold_481	59996	639757	10.66	0	151
scaffold_482	59966	32681	0.54	0	166
scaffold_485	59648	46	0.00	0	2
scaffold_490	58835	138153	2.35	0	61
scaffold_491	58808	564	0.01	0	2
scaffold_493	58543	45470	0.78	0	31
scaffold_497	58225	48	0.00	0	1
scaffold_500	57615	170520	2.96	0	47
scaffold_504	56943	300	0.01	0	1
scaffold_510	55719	500	0.01	0	2
scaffold_512	55486	40	0.00	0	1
scaffold_514	55279	3180	0.06	0	11
scaffold_515	55015	560720	10.19	0	46
scaffold_520	54525	216517	3.97	0	79
scaffold_521	54504	12511	0.23	0	25
scaffold_523	54462	5907	0.11	0	12
scaffold_524	54297	1793	0.03	0	11
scaffold_527	53668	331490	6.18	0	86
scaffold_528	53638	141252	2.63	0	43
scaffold_534	52866	84586	1.60	0	30
scaffold_536	52691	263539	5.00	0	45
scaffold_542	51910	37	0.00	0	1
scaffold_543	51704	286	0.01	0	2
scaffold_548	51140	939068	18.36	0	62
scaffold_549	50969	936	0.02	0	4
scaffold_553	50517	332522	6.58	0	72
scaffold_555	50416	144757	2.87	0	77
scaffold_558	50192	545	0.01	0	2
scaffold_561	49973	140807	2.82	0	137
scaffold_562	49804	25704	0.52	0	24
scaffold_566	49599	194697	3.93	0	91
scaffold_569	49311	732293	14.85	0	53
scaffold_570	49254	3327	0.07	0	15
scaffold_573	48995	6336	0.13	0	9
scaffold_575	48919	19639	0.40	0	13
scaffold_576	48856	24388	0.50	0	27
scaffold_577	48849	34	0.00	0	1
scaffold_581	48584	46590	0.96	0	43
scaffold_582	48539	38	0.00	0	2
scaffold_587	48418	193987	4.01	0	42
scaffold_589	48171	437	0.01	0	2
scaffold_593	47962	132039	2.75	0	101
scaffold_597	47835	3180	0.07	0	7
scaffold_603	47396	40	0.00	0	2
scaffold_604	47227	45	0.00	0	1
scaffold_606	46961	31460	0.67	0	57
scaffold_607	46873	17534	0.37	0	30
scaffold_608	46800	594	0.01	0	4
scaffold_610	46738	866324	18.54	0	49
scaffold_617	45955	47274	1.03	0	28
scaffold_628	45053	310	0.01	0	2
scaffold_650	43423	246	0.01	0	6
scaffold_651	43361	161043	3.71	0	38
scaffold_658	43154	700768	16.24	0	49
scaffold_670	42499	690108	16.24	0	52
scaffold_673	42349	38	0.00	0	2
scaffold_678	41990	38	0.00	0	2
scaffold_680	41941	31	0.00	0	1
scaffold_683	41606	735538	17.68	0	49
scaffold_684	41603	11595	0.28	0	30
scaffold_687	41329	6483	0.16	0	8
scaffold_693	41134	300	0.01	0	1
scaffold_694	41120	3579	0.09	0	17
scaffold_701	40953	2530	0.06	0	16
scaffold_703	40768	138155	3.39	0	311
scaffold_704	40681	114	0.00	0	2
scaffold_708	40252	5228	0.13	0	15
scaffold_709	40251	293	0.01	0	2
scaffold_722	39636	178482	4.50	0	198
scaffold_732	39154	3798	0.10	0	26
scaffold_733	39151	42	0.00	0	2
scaffold_734	39124	5813	0.15	0	11
scaffold_737	39008	105468	2.70	0	88
scaffold_738	38940	5441	0.14	0	14
scaffold_739	38851	548624	14.12	0	83
scaffold_742	38789	2903	0.07	0	6
scaffold_744	38782	67022	1.73	0	33
scaffold_745	38693	279627	7.23	0	43
scaffold_753	38462	312	0.01	0	1
scaffold_754	38425	381724	9.93	0	58
scaffold_760	38104	29572	0.78	0	52
scaffold_761	38053	38	0.00	0	2
scaffold_763	37685	116350	3.09	0	47
scaffold_764	37550	123218	3.28	0	50
scaffold_773	37127	668704	18.01	0	49
scaffold_774	37031	649454	17.54	0	80
scaffold_776	36942	300	0.01	0	2
scaffold_778	36872	46	0.00	0	1
scaffold_780	36814	179204	4.87	0	37
scaffold_785	36564	636866	17.42	0	59
scaffold_788	36497	300	0.01	0	2
scaffold_803	35761	62646	1.75	0	75
scaffold_804	35759	36	0.00	0	1
scaffold_808	35511	355186	10.00	0	48
scaffold_818	34982	44758	1.28	0	26
scaffold_833	34472	177926	5.16	0	45
scaffold_853	33852	1200	0.04	0	4
scaffold_859	33426	1188	0.04	0	6
scaffold_860	33421	288	0.01	0	2
scaffold_864	33258	288	0.01	0	2
scaffold_873	33043	22483	0.68	0	77
scaffold_874	33040	114	0.00	0	2
scaffold_882	32798	194434	5.93	0	110
scaffold_883	32794	172422	5.26	0	87
scaffold_884	32779	122095	3.72	0	38
scaffold_885	32777	482953	14.73	0	50
scaffold_903	31652	718733	22.71	0	51
scaffold_905	31584	4708	0.15	0	10
scaffold_907	31496	120672	3.83	0	39
scaffold_910	31462	2083	0.07	0	6
scaffold_913	31337	79	0.00	0	2
scaffold_923	30987	75114	2.42	0	64
scaffold_932	30438	409683	13.46	0	52
scaffold_940	30028	170	0.01	0	5
scaffold_941	30022	242454	8.08	0	48
scaffold_943	29973	184074	6.14	0	56
scaffold_947	29725	298555	10.04	0	82
scaffold_956	29414	412	0.01	0	6
scaffold_962	29151	22029	0.76	0	14
scaffold_964	29103	37021	1.27	0	52
scaffold_966	29082	277	0.01	0	1
scaffold_967	29003	238730	8.23	0	70
scaffold_968	28990	34	0.00	0	1
scaffold_970	28889	60549	2.10	0	34
scaffold_976	28647	98765	3.45	0	38
scaffold_985	28251	111547	3.95	0	43
scaffold_994	28037	100698	3.59	0	38
scaffold_997	27877	1447	0.05	0	4
scaffold_1003	27785	434351	15.63	0	45
scaffold_1004	27770	1681	0.06	0	9
scaffold_1005	27742	887	0.03	0	6
scaffold_1011	27659	5182967	187.39	0	2013
scaffold_1014	27327	40	0.00	0	2
scaffold_1026	26836	76054	2.83	0	40
scaffold_1030	26722	98785	3.70	0	38
scaffold_1036	26593	359113	13.50	0	62
scaffold_1038	26576	36803	1.38	0	36
scaffold_1044	26404	235482	8.92	0	49
scaffold_1047	26328	503775	19.13	0	51
scaffold_1050	26253	300	0.01	0	2
scaffold_1052	26165	1951	0.07	0	4
scaffold_1057	25896	27512	1.06	0	48
scaffold_1062	25741	73340	2.85	0	38
scaffold_1063	25720	129934	5.05	0	32
scaffold_1067	25507	250	0.01	0	2
scaffold_1069	25503	898	0.04	0	6
scaffold_1074	25376	2100	0.08	0	14
scaffold_1077	25221	300	0.01	0	2
scaffold_1084	24967	55576	2.23	0	37
scaffold_1087	24842	298270	12.01	0	42
scaffold_1089	24799	175732	7.09	0	40
scaffold_1098	24254	300	0.01	0	2
scaffold_1103	23950	38	0.00	0	2
scaffold_1109	23797	423266	17.79	0	65
scaffold_1116	23703	521	0.02	0	4
scaffold_1118	23606	181925	7.71	0	36
scaffold_1120	23419	583	0.02	0	4
scaffold_1122	23327	40	0.00	0	2
scaffold_1125	23254	20768	0.89	0	28
scaffold_1131	22973	5693	0.25	0	25
scaffold_1132	22943	105076	4.58	0	100
scaffold_1136	22733	597	0.03	0	3
scaffold_1139	22632	1488	0.07	0	7
scaffold_1142	22476	42680	1.90	0	34
scaffold_1143	22475	1340	0.06	0	7
scaffold_1146	22372	22215	0.99	0	34
scaffold_1149	22205	288329	12.98	0	46
scaffold_1151	22176	299	0.01	0	2
scaffold_1156	21820	10998	0.50	0	30
scaffold_1157	21769	1468	0.07	0	3
scaffold_1161	21697	45953	2.12	0	38
scaffold_1164	21690	412261	19.01	0	69
scaffold_1167	21627	84065	3.89	0	35
scaffold_1169	21608	250	0.01	0	2
scaffold_1174	21351	48	0.00	0	1
scaffold_1176	21286	300	0.01	0	2
scaffold_1180	21088	1531	0.07	0	4
scaffold_1181	20983	300	0.01	0	2
scaffold_1186	20786	358515	17.25	0	60
scaffold_1190	20691	3740	0.18	0	22
scaffold_1197	20361	7819	0.38	0	14
scaffold_1202	20197	127359	6.31	0	59
scaffold_1204	20162	7426	0.37	0	33
scaffold_1205	20152	100159	4.97	0	112
scaffold_1206	20105	36497	1.82	0	33
scaffold_1209	19930	594	0.03	0	4
scaffold_1211	19901	191369	9.62	0	136
scaffold_1212	19798	1778	0.09	0	8
scaffold_1220	19395	222370	11.47	0	41
scaffold_1225	19177	26474	1.38	0	37
scaffold_1230	18963	291	0.02	0	2
scaffold_1237	18512	2349	0.13	0	16
scaffold_1242	18198	10996	0.60	0	15
scaffold_1244	18058	248	0.01	0	7
scaffold_1246	17989	66667	3.71	0	28
scaffold_1253	17582	167717	9.54	0	65
scaffold_1254	17563	3298	0.19	0	19
scaffold_1256	17277	894	0.05	0	6
scaffold_1267	16792	20597	1.23	0	34
scaffold_1270	16603	5588	0.34	0	27
scaffold_1273	16434	190086	11.57	0	47
scaffold_1276	16224	8643	0.53	0	26
scaffold_1279	16204	844	0.05	0	5
scaffold_1291	14993	600	0.04	0	3
scaffold_1293	14921	565	0.04	0	2
scaffold_1301	14452	5082	0.35	0	24
scaffold_1308	13082	69206	5.29	0	39
scaffold_1318	10914	1500	0.14	0	8
total	2127484796	37328179142	17.55	0	5583
